-4.917043426,0.850993892,1.318823005,-1.734190968,-1
3.246283427,-3.166632938,-2.045781605,-2.127057689,1
2.67335868,-4.230810578,1.220287904,-0.035480107,-1
4.971368953,-3.463372335,-4.524658058,-3.182948055,1
-2.723469279,3.268759902,4.946098952,4.337918718,-1
4.195422062,-1.990432574,-2.932358509,4.401812844,1
1.419993055,-1.1611551,1.073639561,0.914630825,-1
-3.94679817,1.507489472,-1.523696743,-4.991913818,-1
-2.318390863,3.17370524,2.177370679,4.030064463,-1
2.638437645,2.662662194,-4.720067048,1.828929417,-1
3.055101556,-1.258244424,-4.331582388,-4.26148982,-1
-3.957470024,-3.101375222,4.270641409,4.963841623,1
-0.302412237,1.465017552,-4.122282394,-1.855430336,1
-2.809381091,-4.963946955,-1.676014381,3.092198376,-1
4.227079065,-2.171120947,0.261808954,-0.38549394,-1
-1.79677368,1.386005948,-2.533578759,0.871414671,1
3.575438088,0.920745796,0.428994566,-0.224044867,-1
-2.401533323,-1.747107953,2.808678506,0.524536321,1
3.780629427,4.889512512,0.218823814,-3.246834609,-1
-3.117323832,-3.767641537,4.319499339,0.87244869,1
2.591938373,2.358769864,-3.528880197,-3.451984689,-1
-4.683106999,-3.433829799,-0.832342982,-0.5454745,-1
1.423391571,-0.653525886,-2.197071334,0.376214227,1
0.668709128,3.322432181,0.981003171,-0.38099885,1
-1.235904545,-1.400904385,-4.635251433,3.341097089,-1
-2.874516206,-4.237619525,-4.363134969,4.961723095,-1
2.921568395,0.569255457,-1.771174948,4.722442731,1
-3.545565199,-2.260697758,-4.016214696,2.459293726,-1
-0.108575496,-3.679453207,-3.299553737,-3.00043047,-1
-4.871542531,1.99654849,-1.288362012,-4.63670764,-1
-3.133879752,-0.140950925,-4.602383774,-3.113959343,-1
-0.147695431,-3.172837492,2.092409535,0.775473486,1
3.382260767,-3.987854618,1.413413602,1.282723426,-1
-3.589430314,-2.984156728,-3.259391399,-1.352252486,-1
2.322169874,-3.652539893,-4.378480574,1.365580096,1
1.91066916,-1.76210846,-0.933405797,3.912934581,1
-4.655073802,4.505450481,-0.369370741,-2.464817925,-1
-0.111427364,0.321305606,-2.973257006,-2.136406621,1
4.713904102,-2.523142901,3.6954989,-3.745808238,-1
-3.875486206,-0.627237468,0.979403691,0.285737727,1
2.432137742,1.690877832,-4.769864629,3.20766362,-1
1.385413713,0.47695711,3.994264371,-2.002245399,1
0.94182913,1.090544943,-0.470538843,2.876789174,1
-0.013774873,3.631347603,-4.419738235,-0.62987427,1
0.678526593,-1.193040502,-3.937306233,0.505397161,1
-0.734957487,2.489556155,4.984252915,4.861144738,-1
-4.237605576,-3.433032024,3.663274037,1.897809841,1
-2.094133465,-4.418761821,1.152057966,4.701367766,1
0.613350473,-1.602930379,-4.730555155,-4.040341616,1
1.333334683,3.171764152,-1.774773644,3.980922374,-1
4.30775859,-1.224523302,-0.362237661,-4.415569066,-1
4.777691577,4.726049322,-4.009827671,-3.766818489,-1
-4.06403454,1.053185907,0.709881443,1.307257434,1
1.617349444,-1.617638345,-1.741249058,-1.298956543,1
1.027728995,4.279837223,-0.495076634,-1.804277263,-1
-0.261821368,3.984246943,0.778437951,2.956943312,-1
-1.437436575,3.507064607,-4.251556924,-1.982951883,1
-0.244215584,-2.432080829,-4.426573306,1.074616884,-1
1.710220183,-2.145044991,-1.99043565,-0.380277568,1
4.59645197,2.799469104,0.217212488,-2.074073089,-1
-4.109157345,2.013952282,0.618802351,3.324189564,1
2.977424598,-0.074882237,-2.584452299,0.705259574,1
0.907757461,4.676677485,4.127201627,-4.294918861,1
4.121967543,-0.238385057,3.257342697,-2.336883091,-1
-3.988706811,4.949055172,-0.554541161,-3.291251692,-1
-2.06705357,-0.094213782,4.820625632,0.60307422,1
-4.484117946,0.034533965,0.782675615,-2.979094959,-1
0.041281806,2.687728759,-2.655765036,-0.076311889,-1
2.683757519,-1.119155179,3.105904425,2.293674196,-1
-2.170146238,-0.467407405,-0.487258355,4.549963823,1
-2.746397542,-3.671460318,-2.500308306,2.6236834,-1
-1.687103574,2.585063282,4.554375318,-4.199318611,-1
-0.467486486,0.652369341,-3.57349653,4.382462246,1
2.373846382,1.486365991,0.125633848,4.744738435,1
0.098856547,2.980580631,4.719251376,1.07110428,1
-1.174858081,-2.795517571,1.483206213,4.574949587,1
4.054832168,3.578907711,1.146710034,-1.693494588,1
4.65257749,4.047289191,-0.303496281,4.012151422,1
1.282673526,-2.07980115,0.777806976,-4.996343762,-1
-3.679688299,2.258697581,4.113132272,-0.167199805,-1
1.183017783,-1.605541956,-1.237797165,-3.525252527,1
-1.169798959,-2.273187731,-2.712352275,-1.850079131,-1
4.911937476,-3.297254101,-0.764751288,-3.286245418,-1
-2.131727152,1.640182258,-2.264037791,0.929069368,1
2.061914296,0.358516576,-0.554341561,1.57608012,1
0.352058975,3.291094182,1.275150469,-1.510373071,1
-3.067889614,-2.326379194,0.346412535,-4.463065526,-1
1.894351009,-3.238442194,-1.1455784,-4.528319689,-1
-4.495449968,-0.688136336,3.734500991,-4.441421908,-1
-3.155658843,-0.243449622,-1.996512651,-4.284880044,-1
-4.543416765,2.852209079,-0.999702844,-4.84324455,-1
3.85041502,-3.693484026,0.177235144,4.736790073,1
3.397943858,-4.486442673,-4.381752856,2.347967209,1
-3.818447548,1.27506477,-2.686327794,2.523856147,1
-0.895851463,-4.709124481,-3.815140084,-4.666863919,-1
-3.7977141,-3.638053904,-4.012199641,-3.823938829,-1
0.720925223,1.945555987,3.902754555,-2.386967301,1
4.493901346,0.156789575,-4.666109226,3.933580019,1
-2.436148402,0.425824203,3.390349919,4.720611377,1
4.898654352,3.08483509,0.072667248,4.940738862,1
-1.50191959,2.936860297,-3.86283559,-1.532137367,1
-2.914776261,0.01867087,-0.09554343,-2.076978644,-1
1.6582716,-2.233679421,0.994417202,-3.127525928,-1
4.733447067,-3.803350589,-4.097838669,2.431483363,1
1.226998215,3.865977602,4.782240341,2.180187227,1
-4.364621074,4.702889911,1.530187726,-3.111052745,-1
-1.264904668,4.425263129,-0.388678735,-0.660621954,1
-3.337484646,1.381281325,3.637581105,-4.544068646,-1
-2.687219219,-4.09409848,-2.371709279,1.55473476,-1
-4.477913667,-4.252918851,3.239629428,2.810422089,1
4.017563167,-3.175490638,-1.710246949,3.629004252,1
2.932916999,-4.68312338,4.413005311,2.853528718,-1
-1.269856752,2.24936308,-2.55891929,-0.665076973,1
3.320547054,-3.558411901,4.571101652,-1.52178753,-1
2.538345566,1.359268166,0.108249647,-4.446114497,-1
1.218630973,2.898475587,0.645798593,3.194414426,1
-1.059068192,0.662531266,4.937161316,-3.939596618,-1
-1.407220385,-1.225860761,2.7098394,-4.939259535,1
-4.111475391,3.215861155,-1.861980791,-2.249576475,1
-1.583229964,-1.951191705,-4.421273752,4.427713048,-1
0.486705941,-1.806269025,-4.559262082,1.74259328,1
-0.394525389,2.849798914,3.129439697,-1.143416052,-1
1.454523734,0.037364371,-0.879267223,3.569462896,1
0.135208413,-2.390032681,-1.158368312,1.748248879,1
3.144264686,2.324755242,0.231265324,1.080969181,1
-4.02816794,-3.37050035,3.921489669,-0.60574163,1
-0.362864394,4.210752221,-0.940793594,4.612852029,1
0.898174896,-2.777765373,1.043888961,3.229064983,-1
-3.128279295,-4.163912827,-4.051964435,-4.89500568,-1
1.113301466,-4.262984463,-1.640187222,-3.583832653,1
-4.480580186,2.695516577,-3.551581615,-0.171901645,1
0.757269485,3.176770267,-2.551194703,0.806184335,-1
3.423447018,2.404255353,-1.210283415,-2.07011036,-1
-0.002740264,2.582487872,-2.29680388,-0.611330344,1
-0.609751123,4.611949801,-2.844007005,-1.01734813,1
-3.509429168,-0.335750379,1.33731111,-3.626945194,-1
-4.717205491,2.86996488,2.997155701,4.527617086,1
2.56669788,-0.774319163,-2.914859733,-1.399553338,1
2.961062359,4.437299584,3.962561922,3.369774073,1
-2.064444056,-4.98685602,2.457094708,-4.586642743,1
-3.84793254,4.812679072,0.36385807,-0.761694119,-1
-1.24908369,0.701941823,4.69965194,-4.243620299,-1
3.288937451,-1.535294456,0.648831702,-1.861851227,-1
3.41776582,0.575030531,-2.823101011,4.459826514,1
1.652384516,-2.002152975,3.577632868,3.545034545,-1
4.601399759,-3.409271775,3.619993178,-3.264688821,-1
4.431178922,1.652562859,-1.866978052,0.358835889,-1
-3.873005076,1.842027833,-1.730157885,-2.05110794,-1
1.482874492,2.924093623,3.40013404,4.028721542,1
-0.191959483,-1.513755623,-0.074672137,-4.186125907,1
-4.334793081,-2.499252666,-4.480975159,2.874749,-1
3.977712255,-1.549966147,2.780183689,-3.255915055,-1
-0.027698711,-1.713674071,-0.733276142,2.199879517,-1
2.713034289,4.274855329,-2.200381186,-2.679933388,-1
-4.396377706,2.560724325,-1.664919882,-2.928625172,-1
-2.375425351,-2.117613666,-1.33060048,-2.838678905,-1
1.510693687,1.061798761,2.947924102,4.76670545,1
-3.663960896,2.660293642,-4.613092144,-1.181509936,1
1.385457368,3.461523443,2.266693355,1.352888964,1
-1.15056905,4.019811919,3.726844593,-4.534359609,-1
2.656981257,0.957071476,-2.141852175,-2.679316205,-1
1.529156822,-4.314638554,1.568492594,3.74840379,-1
-1.185109347,-2.819566251,-2.681133749,-0.398574519,-1
-1.999814173,3.694084915,1.219539415,-4.969364258,-1
-1.598604445,-0.857821459,-4.248762326,-0.350587239,-1
4.189265367,1.61209152,4.667558755,3.240718932,1
-0.437331867,2.834848403,1.099699566,3.718855717,-1
-0.575030474,-2.521139924,-1.162848202,-1.989254739,-1
-0.458141804,0.544252889,-4.694302267,-2.639947931,1
4.452820092,-2.704146049,3.575655868,3.315782627,-1
-2.808810474,-4.93087236,1.035431854,-0.622473941,1
3.824027959,2.666393972,3.478404051,0.070873064,1
-4.801245772,-4.781667505,0.046162469,-3.145254223,-1
-1.582351168,-1.068965654,-4.920891624,-3.48501426,-1
2.660274457,-2.474598442,4.190731775,4.068056274,-1
-1.571962985,-2.957830786,-0.892952043,4.927499036,1
1.188064042,1.622794672,2.323657478,-1.099185607,1
-0.469788379,4.1474208,-3.488947211,3.268105506,1
-4.898373974,-4.930974523,3.152332767,4.540576822,1
0.990811675,2.464232004,4.096025319,3.938420594,1
1.015683484,2.996707942,2.779424612,3.410062553,1
1.49417451,4.077989411,2.571231364,1.832841575,1
-1.572793674,4.745739354,-0.948024765,-3.282037386,1
-0.067007444,-3.801365089,2.019010802,-2.624486944,1
2.017739453,0.189697634,0.654609371,-0.657148414,-1
3.878026014,3.219748117,0.847363519,-4.749378152,-1
-4.449421538,1.370227987,-1.550854007,-2.313534076,-1
-4.016380495,4.539103769,2.042332395,4.801593451,1
1.497827855,4.469263732,-3.39136321,-1.873075457,-1
2.640708912,4.666052453,-4.984860666,0.717516424,-1
4.879589416,-4.326558115,0.620008521,1.116632174,1
-3.746752086,-0.624652063,0.464841249,4.015380654,1
-1.355228248,-1.791600572,0.508277618,-1.039600796,1
1.762300903,-3.659479416,1.945367608,1.927666558,-1
-1.242418288,-3.654148498,4.274940921,-2.955141755,1
3.634584915,3.059476603,4.442103089,-4.371472135,1
-2.08023249,0.247642644,4.032633293,1.223858921,1
-3.665250094,4.442569706,1.041062864,1.880195768,-1
1.726505144,4.883400766,4.26209757,-2.032148668,1
-2.974150191,-0.901058202,-3.830537416,0.715618409,-1
3.685151982,-1.288121229,-1.591984921,-1.837774391,-1
2.511573219,-2.731459076,-4.632695564,3.094979984,1
-0.8062035,-0.539690412,0.383698505,-1.345024189,-1
-4.997689348,-2.337785624,2.372288012,1.987899025,1
-3.505362676,-0.40903606,-3.187774973,1.334259538,1
-2.261656985,-0.670946719,-0.737533384,4.645791017,1
3.72425019,-2.403765657,-4.01832043,-2.992033313,1
1.012511439,-3.662854916,-1.967784333,0.981777403,1
-1.788115472,-0.807715814,2.80122612,-4.162965583,-1
-2.157069255,0.068605112,0.369604167,0.444147098,1
-0.646841942,-1.75675445,2.69071433,3.461491485,1
4.037590512,1.846888004,1.389436456,-4.593016708,-1
4.25105645,-0.56906489,3.931482457,-1.706395592,-1
0.052924522,-0.643369202,-4.393096126,2.093496618,1
1.275818093,2.930235156,-3.242284542,3.603108812,-1
2.192639268,3.155563697,-0.83668141,0.008986165,-1
-4.760871186,2.521126537,2.39791841,4.947595856,1
0.74932502,2.892559413,3.929547925,-0.713598635,1
-4.534655359,0.012674531,-4.741466934,-2.326547453,-1
-0.774686117,0.551819227,-3.624369716,-0.270481206,1
-0.322657387,1.307497384,-0.759125674,-3.391546688,1
-4.773720132,-4.020108352,2.645667819,-3.41102188,1
-4.349259575,-2.543238181,0.244371877,-2.316580312,-1
4.239563357,1.157251423,2.544813589,2.571200649,1
0.341428639,-1.950400424,-3.302015566,1.091740296,1
-1.33203531,2.669676028,1.727270059,4.669330329,-1
-1.360538205,-2.327709076,1.186527427,2.733207652,1
-3.486263342,-4.604936957,-4.931539105,0.728645763,-1
-3.503914014,-2.034382225,2.402255241,-0.497764958,1
-1.491979084,0.563649751,4.91735478,-2.129429223,-1
-1.640339043,4.690744711,-3.718186428,2.523865924,1
2.840278463,1.891247111,-1.394172397,-4.056418387,-1
-0.132607884,2.178813984,-3.089267346,-3.932142501,1
-0.352019871,0.590291196,2.143976608,2.348936293,-1
-3.687474484,0.333542078,-3.221329887,-1.454079744,-1
3.863914709,3.757240026,4.8684875,0.806335997,1
1.745574256,-1.069014073,-4.830008701,-2.01144566,1
3.35159638,-0.41933062,-4.602035304,2.136809419,1
1.564879349,-2.91754795,3.043305319,-1.395137996,-1
4.839169765,2.57273163,3.597922856,2.184595251,1
4.797898719,0.466920282,0.66252528,4.95323733,1
-2.498469864,-1.42611807,2.54112681,-4.16299895,-1
1.245707035,2.009977897,0.195147664,-0.31794103,1
2.282424232,-3.907775033,0.859044724,-4.061969424,-1
-0.018296847,-4.93389234,-3.092669738,2.251704561,-1
3.49828295,0.973020798,0.034414635,4.120454443,1
-3.090817964,1.591760666,-4.490853673,-4.135855665,1
-3.758562128,0.800064306,-4.439042568,0.199508887,1
-4.972095787,4.099516101,-1.648026001,0.526310011,1
-3.4704721,1.360061521,1.309047568,1.851490377,1
0.341608246,0.255612512,3.91977815,-2.003452169,1
0.106336051,-2.403769199,1.733966264,1.018777159,-1
-1.147841201,-4.488291326,1.852670405,-3.014960948,1
-1.894035463,2.319501292,1.957447932,1.567574152,-1
-4.964445525,-3.357086091,2.998314332,1.983570602,1
3.152424453,-2.196029943,1.606051672,-0.403196196,-1
1.384184582,-2.40572552,0.199365954,-3.423408306,-1
-0.516606193,0.470959597,-1.682635892,-0.782141829,1
-2.559142297,0.412684675,4.341727128,0.960543665,-1
3.03385086,2.88113184,-2.535230519,-1.776685037,-1
3.239708872,3.696055553,0.112063711,3.307288207,1
3.521906494,2.875405302,2.403178865,-3.773149919,1
-0.327482446,4.694278559,-2.45831467,-2.48819298,1
4.706989732,-3.195318903,3.455847586,4.376075169,-1
3.41244015,4.305989628,0.38154422,1.55208209,1
-4.214517936,-4.54848124,4.101361341,2.52910869,1
-2.624011123,-2.593541147,-1.492935899,3.108585312,1
3.175708813,-4.911449699,4.353248827,-4.515732818,-1
-0.941712852,1.715935343,4.277194591,-0.852908623,-1
-0.336877794,4.0481323,0.877003604,2.254890554,-1
4.515362181,0.724163116,-3.982378656,-3.60955989,-1
4.650053058,-3.445387097,-1.331240603,1.325572592,1
2.652848668,0.023674337,-2.24154465,-2.531665426,-1
0.745335902,0.677328783,-2.339024987,3.399722732,-1
4.159250255,-3.117282243,-2.734613506,3.366708233,1
-0.045675912,-1.758035365,-4.986792199,-0.469275817,-1
-3.339876229,2.160373428,3.930073716,-1.052412637,-1
-1.7400233,0.529287086,-0.465024928,4.615953017,1
-2.03563894,-3.577182602,0.784210055,-4.918216975,-1
0.582984915,-1.196364406,-1.843944611,-1.015613104,1
-4.325231969,-1.034307548,4.940168751,-0.122277261,1
-4.310221538,0.767416957,4.838928836,1.181367629,-1
-3.332154177,-4.805984973,4.645478911,-4.299900059,1
4.474382626,0.775800613,1.662652391,-3.573120803,-1
3.110884176,4.321960928,2.261581764,1.542266324,1
2.10455693,-3.931272198,-1.659574454,-2.816804051,1
4.702455617,2.321497587,0.227727664,-3.808680712,-1
4.984267893,4.70522787,-2.266456344,-4.56862899,-1
4.874548067,1.088855387,2.183790284,-3.344418189,-1
-3.49913422,2.196656122,2.780175564,0.111059036,-1
4.584788045,-1.972476743,-4.189357805,3.672680188,1
0.304590492,-0.409776059,-2.784198596,2.662607382,1
-4.259134826,-4.519713868,-2.96040506,-3.650490757,-1
-1.881790961,-1.146478948,1.240993059,-4.350793224,-1
3.9517078,-1.382836198,2.252051155,1.724449515,1
3.347683116,-2.124159448,3.343641877,-0.177930753,-1
-4.976512443,3.167127359,-4.811046181,-0.045820869,1
1.402098462,-0.494719051,-2.978823684,-1.865163353,1
3.031825751,3.066325204,-0.309070381,-1.764990304,-1
-2.548692448,2.90172935,-1.216048185,4.091013138,1
-4.358777682,-2.170421268,-1.596062663,-0.49663376,-1
-2.368516806,-4.316907614,-4.361488152,2.486358003,-1
-3.972796387,-4.450692718,2.613359341,-3.147466705,1
-0.162809752,1.375226393,-0.973379142,-4.150779796,1
-0.811155373,-0.757144188,1.742897163,-2.929707961,1
-1.18710992,4.055313481,0.510756591,0.589156622,-1
3.86765115,-0.826791164,-4.485428334,1.617004369,1
-0.794424852,-3.459416725,-1.925040624,4.392131564,-1
-2.16152131,0.399992638,4.654447669,-4.597546257,-1
-4.51818856,4.37091368,4.314751499,-3.363415009,-1
-2.808340174,1.609550649,-1.219732735,-0.618766558,1
-2.608239859,-1.053425584,1.176701919,-1.74332396,-1
-4.70741513,-2.410094578,0.625333912,-4.100676377,-1
2.023109184,3.4791216,3.305607096,3.10319636,1
-4.923644452,4.450560749,4.576987386,-1.004410253,-1
1.109206803,-1.230001627,-4.244943467,1.553143001,1
-0.919104625,-4.327198155,3.880243967,0.668434984,1
-2.510533252,-3.184182313,0.624472916,-4.968781356,-1
1.524597241,0.757476152,-3.056448745,1.51351481,-1
-1.797229116,-3.141149684,-2.785472091,-1.829026559,-1
-3.963278755,-2.08551644,2.057630495,-2.340661628,-1
0.355648945,-0.383358931,0.967614359,-0.395517967,-1
-3.351297575,-1.53022559,0.862960731,1.231609399,1
3.834387024,-1.818342835,4.684941481,3.018534307,-1
1.66457012,-0.400854204,0.817434253,0.611641193,1
3.477424919,-2.641050799,-4.001997087,-4.751959097,1
2.626610637,-4.722479624,-3.333971782,2.935404363,1
3.070137746,1.58453456,-3.979062052,-2.269111774,-1
1.329524437,-3.411964373,-3.537528952,3.229113441,1
2.104273079,3.026626005,1.715647669,1.885547828,1
1.886635391,-0.914202282,1.398531818,1.039024515,-1
-1.790521389,-1.726081211,-1.275645483,-1.130499059,-1
0.316484945,2.460147286,-3.371270339,-4.344646619,-1
3.731939576,2.463519203,-1.104811917,4.985933883,1
-4.454603261,-3.260450359,2.999765664,1.61043898,1
0.004007755,-3.824551982,-1.002063001,-2.708277003,1
-0.672367855,-3.259624756,2.55119085,-4.077454244,1
4.042824916,1.27409164,-2.047895883,-2.590213379,-1
1.301833514,3.418902556,1.400059106,4.025696625,1
4.830362221,0.100828549,3.851171544,-2.826520113,-1
0.852003395,-3.342362561,-2.903566773,-0.204772469,1
3.406365176,2.143052824,-0.196435121,4.09228263,1
-0.311862194,4.070372963,-3.870124406,-3.062175578,1
0.452223297,-2.814622589,-3.6763036,-0.520123935,1
-3.208958791,3.709614479,-4.359977427,1.178000865,1
1.344616968,-2.881640564,-4.207026045,0.942130329,1
4.629587754,3.366649403,1.26954164,1.658772187,1
0.340137515,3.593016892,-0.886660338,-2.323198086,-1
-0.203857477,0.23377473,1.38589686,-0.761328169,-1
2.93666083,-0.226372057,3.565569627,2.993237968,1
-4.072862811,3.898831327,2.635750329,4.323128302,-1
3.807995429,-4.349237996,4.761602962,-0.302809026,-1
-4.961264645,0.094561252,2.815372451,-1.936966126,-1
0.115290922,1.207979471,4.355832035,-0.606281676,1
1.784636343,2.335674398,2.391521672,-1.931399593,1
0.657476468,-2.700037691,-2.463802325,-2.249870261,1
-0.215413533,-4.781281243,2.192502847,-3.612526138,1
-1.794871559,-3.610111103,1.935126156,-3.334525313,1
1.015797985,2.695074469,2.733189508,-0.060526067,1
4.131527424,4.697651809,2.472170857,-4.134164891,1
1.825178167,-1.13205584,-1.816163332,4.268389084,1
4.467334711,4.934277898,0.104309572,-3.515237501,-1
-4.009109914,-1.736065323,2.730664764,-3.395208016,-1
0.110289242,-3.628389638,0.72815526,2.177235878,-1
-3.898716598,-1.1524637,4.538503351,1.748944624,1
0.452618773,0.626358325,-3.284276956,-1.41480457,-1
1.88785899,1.338354268,4.072350951,-4.095420963,1
-3.525830117,0.416063849,2.522194226,-4.917519549,-1
2.775610376,-1.850065756,-2.138247683,-1.272209683,1
-1.009487669,-3.406732766,1.274103426,2.883071387,1
3.982999482,-3.473837664,-0.371720768,-0.527139435,1
-1.929561261,-3.630492264,-3.705607547,-4.003753171,-1
-4.389488538,2.098031164,0.493846626,3.058311381,1
-2.805288556,-0.351355339,4.695093232,1.594549853,1
-4.17167063,-3.867288167,-0.578595103,-0.476359074,-1
4.503953351,2.008788523,0.909639298,0.333623612,1
-4.836293391,-3.200138625,-3.890297529,0.266647369,-1
-3.853315668,3.036680804,-3.001477085,1.296810588,1
-4.87590054,0.139561048,-3.370358969,1.465644309,1
-2.837726707,0.484383618,-4.631225727,-3.081692677,-1
-4.885724712,-2.921552405,-2.27275336,3.017320627,1
1.424492656,2.845888746,-2.698664101,-3.034290099,-1
0.169909395,0.264896327,-1.414553112,-0.887063619,-1
-2.544578556,0.710233636,-3.65657301,-2.643066385,-1
-3.062526599,-0.779592413,4.985945973,-2.277945619,1
-4.091294219,2.211563099,0.135208547,-4.913315059,-1
-1.315583346,-4.268616888,-1.121536953,4.282808184,-1
-4.922070894,0.948619183,-2.501472421,0.20219495,1
1.027013192,3.619773645,-1.352475735,-0.358743919,-1
-0.211452559,-0.511989394,-1.009424588,0.235297289,-1
-1.918823112,1.525773905,4.263007596,-1.631878927,-1
2.444444476,-1.965268814,-0.045270694,-1.676210519,-1
3.393492776,1.07439951,1.091870047,4.882878822,1
-2.375680798,-2.210976901,-4.951915364,-0.262830977,-1
0.142380613,2.995623402,0.877287643,2.468609379,1
-0.532258724,2.961691179,2.774624225,1.699588277,-1
-1.587888544,4.540869034,1.571831838,2.955919997,-1
3.391418051,-0.556618347,0.283146936,-2.27456575,-1
4.824925015,-0.431171873,3.257731614,-2.160848707,-1
1.264645011,0.998171383,4.624337694,2.172557499,1
-3.187248294,3.426218315,-1.862635433,-3.153628821,1
-3.769829831,-4.68799547,2.970850575,3.337033586,1
0.799687096,-3.127298584,-2.14824202,-3.303349871,1
-1.714641966,4.435943994,-4.851051245,4.532656767,1
-2.318136273,4.479221388,-4.058502456,2.225480452,1
0.502391038,-0.470156088,-1.712769791,-3.657515971,1
-3.194831038,3.108325512,-1.944336779,3.530924959,1
1.784918694,4.288792007,-4.819778669,4.316927422,-1
-4.443115097,1.72717281,-3.377925913,0.641846668,1
-4.659428155,-1.276677204,-0.560105366,-1.011766695,-1
-2.134815452,-0.94304309,2.667700295,-0.583974977,1
-4.22609953,-0.611760782,1.812559352,2.016807408,1
4.005722903,1.786492007,2.14536728,-2.399570093,-1
3.466059471,-0.349296713,-0.40219122,-4.714705492,-1
-1.043015274,4.532641681,4.192684074,4.479652345,-1
-3.307847347,-1.453020179,4.889434197,4.961689602,1
-0.695476867,-1.609791381,4.326011154,2.794832715,1
-0.837818631,3.958600467,-0.384766526,4.89401409,1
2.287634833,0.454342583,4.049221696,-0.124470427,1
-0.935263211,2.492837173,-1.135483463,-3.720173399,1
4.518074571,-3.751228009,1.030165523,-0.356327226,-1
4.119850209,-0.467651819,0.603190087,2.425904909,1
4.514143165,-4.252505615,3.458397556,1.733916231,-1
-1.539987972,1.633406136,-2.151950452,3.739795073,1
-2.097557912,2.036516419,1.633184977,2.582503994,-1
3.867007628,4.189505683,1.022581765,1.171752416,1
-2.899692033,1.600719084,1.564629467,-2.251827767,-1
-3.691234522,1.901049193,-1.900659134,-1.636216556,1
0.205158873,3.537236098,-1.68356193,3.357235424,-1
4.054627497,-0.320982773,-3.118026711,-1.141136232,-1
-0.974697644,-0.415213181,-3.993165928,-4.196534378,-1
-2.842387478,3.061041874,-2.13436046,3.655843715,1
-4.212605168,3.247672362,-1.451737783,-0.646259396,1
4.330598618,-3.095638968,0.357616981,-3.279191265,-1
1.02871561,-4.743267917,4.90832978,-4.957035868,-1
-1.225078268,-4.431850395,-4.718219171,1.524968305,-1
1.649314412,-3.570644197,2.095320156,-1.30310374,-1
2.921902644,-3.285812624,4.051570176,-1.239008044,-1
-1.665078701,1.258447813,3.658293811,-0.586575396,-1
1.926588643,-4.704847923,-3.80830677,0.161238483,1
-2.961843228,-0.276677348,4.552752012,-1.998853839,-1
4.587135959,1.784427704,-0.590992091,-0.21678194,-1
2.118324564,-3.852110308,3.757602175,-4.937531142,-1
-3.330934079,-2.63936076,3.64951643,-3.285641042,1
-0.572228269,-2.109193978,-1.448494248,-1.964425653,-1
1.329935684,-3.272437057,1.311464475,2.444645617,-1
4.299671716,-1.762938773,3.6454925,0.808933422,-1
0.293309694,3.01110099,-4.790082655,2.012071831,-1
1.264744239,-2.003663008,-4.23179745,3.046644251,1
1.808189227,2.756257231,-1.232855727,3.519852389,-1
4.231975232,0.527708306,-3.508063365,-3.822790441,-1
-3.471658577,0.546917216,-4.659031043,1.572636559,1
-0.942792063,2.306472866,2.822497075,2.529514722,-1
-1.875240012,2.736248225,-1.727549238,2.021287899,1
1.938989584,4.008471046,3.174763297,1.051184537,1
3.906878734,-3.618328436,-3.263809498,-4.617333746,1
-0.093290337,2.940768164,1.761177326,-3.048499094,-1
3.058235094,-3.105866258,3.756004808,-1.693183017,-1
-1.735610907,-4.710256175,2.571554724,1.428334017,1
0.498791451,-3.726128075,-2.703742854,-2.825960724,1
-1.112156651,-3.662643137,-1.410563807,-4.230901922,-1
3.968290073,-3.716890403,-1.368359059,4.805893556,1
1.76120081,4.35259793,-2.325568887,-2.932410381,-1
3.283969483,-2.267699448,-1.626972377,4.832533391,1
-3.899111523,4.42679256,-4.130393511,1.103710139,1
-2.207726654,1.381505015,-0.48440348,-2.520214475,-1
2.676361657,3.725308209,-0.453359723,0.179579295,-1
-2.839434039,-1.329267618,-4.709644903,2.128310541,-1
-4.659378718,-2.63798095,1.371018727,-2.401309726,-1
-0.634481023,-3.126817619,-4.40541213,-3.85313994,-1
4.368637104,0.456492649,-3.30803886,0.496694966,-1
-2.379110372,-2.448835449,1.846797424,-2.810982342,1
0.697454998,-1.941763922,0.545673126,-1.878244158,-1
-1.404469551,-4.844513815,-4.939641663,4.731330828,-1
-4.73161371,0.874880938,-2.119148474,-1.908095095,-1
0.004191923,4.625583109,-1.233884352,4.462475034,-1
3.270149076,3.498476742,-3.535069666,-0.894381334,-1
-2.410175795,-4.920597029,-4.254663845,-4.896663985,-1
-4.541149934,1.340255391,-0.392571238,-1.899310027,-1
-2.535283959,-1.407088648,-1.296056206,-3.447931624,-1
1.607321446,-3.859403847,3.245575184,4.940825402,-1
-1.705903089,0.408179264,0.375356561,-0.497607954,-1
1.594962476,-0.835786168,3.175160829,0.452182876,-1
-4.869958757,0.170984974,-0.396191734,-2.37668222,-1
2.180678567,3.861228764,-4.859661856,3.825412346,-1
-1.088811879,-3.506040917,-4.950167949,-3.969389281,-1
-4.664947403,-0.653234773,-3.337732161,3.235626895,1
-0.939845975,-4.409611918,-1.340611611,-0.728242696,-1
2.163076368,-1.189699431,2.182104764,4.203446826,1
4.213364148,2.223694684,-3.405763632,0.280121588,-1
4.840157433,-4.048807711,-2.212285293,3.708346398,1
4.834208728,1.671903974,1.449384477,-1.471891894,-1
3.96306093,-2.035994456,-2.127958508,-0.998475885,1
3.657032096,0.98562764,-1.780691073,0.979228905,1
3.009609722,-3.481480102,-3.44583205,4.115179282,1
0.549788515,-0.636228933,-1.123368593,-3.670129809,1
-0.811278525,-4.873176995,3.95733134,-4.578325826,1
-3.728774934,-2.709770532,3.877668679,-0.98961039,1
1.546207431,-2.363203465,-1.063866723,0.957076874,1
3.639649121,0.113852321,1.754577421,4.196792964,1
-2.254015651,-2.849151119,-2.477858054,-2.062241878,-1
3.401639374,-1.538902091,4.499877085,0.450393424,-1
-4.292447557,2.478170911,1.246821733,2.816817783,1
-1.212079249,-0.863805468,-2.930520585,-1.726004583,-1
-2.318305662,-4.442474385,-3.903448389,-4.047372316,-1
-3.470788212,-1.099718586,0.658496104,-0.583173877,-1
1.309995799,-0.255160595,-2.256666038,-4.709231802,-1
-1.836251838,3.253207165,-4.288347399,1.753903809,1
4.591118525,-1.963564289,-3.415506998,-3.884096266,-1
-0.013260108,3.217901393,-4.504797038,-3.003597191,1
2.386085167,0.656797633,1.80883748,0.301615386,1
-4.872443311,-4.456183831,2.817558124,1.273568472,1
1.053531885,-2.399858192,3.073651963,-1.264033678,-1
0.764513215,0.891035512,-2.349464068,1.06453634,-1
3.073788209,-0.202663846,3.958993971,3.463886845,1
1.549680615,-3.01349383,1.07986088,2.019456892,-1
3.782283951,-2.609873378,-4.855991614,-1.071260856,1
4.023729254,2.801934792,-1.559712512,0.71868663,-1
-3.477671433,1.173099192,0.336647353,-2.502262648,-1
-3.074199132,-3.558712004,1.277625771,2.273467331,1
2.909756486,2.161320202,-0.532626994,-1.566708546,-1
-4.392948958,-0.984935714,3.111056438,-4.213653251,-1
-1.101728075,-0.376146324,-3.551720107,-1.977690717,-1
-2.000341457,2.072820065,4.748293751,-1.995975181,-1
2.341799066,-0.987894539,3.33760066,-4.767788024,-1
-3.957907462,-4.856145994,-1.598988391,-3.238857483,-1
2.925754876,-4.253595584,1.162390659,3.609187966,1
2.827289428,0.910681749,-1.962438313,1.559481695,1
0.323976932,-0.539984797,-4.107812325,3.565376013,1
-2.466476582,4.266206025,0.215258049,-2.290595342,-1
-4.29045415,-4.051066442,3.252915329,3.959477796,1
1.258033312,-1.245812164,2.639266224,-2.912096041,-1
-4.753185299,0.45998864,4.476393079,4.641681802,1
-4.379575075,-3.88321626,-1.664527268,-0.85639912,-1
-3.703880177,4.044632344,-1.102616176,-2.704347861,-1
-0.493859277,1.332769986,-3.495871201,3.18370199,1
1.723358439,4.054116435,-1.662955793,-1.395565067,-1
3.561108335,1.305529395,0.536788284,0.015240681,1
-0.015545757,-4.857717231,0.502939449,2.476741184,-1
-4.51215496,-1.835222132,-3.395789551,3.318498807,1
-1.861676401,-3.881292617,-3.829105304,-1.05529018,-1
1.416311677,1.29463131,-1.01449566,-4.033636531,-1
2.863866436,-4.392905521,3.313830047,-2.346083852,-1
-2.108495068,1.73994922,-3.149987946,2.919450126,1
-0.021319893,-0.225609134,0.007857575,4.368607426,-1
3.18434616,-1.944541974,-3.736855201,0.682585883,1
0.951282925,0.163329823,3.646284531,4.380215572,1
0.364246089,2.070282499,2.666456883,0.972483946,1
-1.691268594,3.136109833,0.643535356,4.879519677,1
-0.883097737,-1.8419166,-1.104306281,2.623485025,-1
2.940062407,-1.886978188,-0.098623367,-3.143841314,-1
-1.567917795,-1.550231289,3.869040958,0.167700056,1
-0.37393264,1.663048931,4.050482816,1.401520952,-1
-1.321763322,3.610716299,-0.016110447,3.689509005,1
1.795706196,2.617792543,0.292269502,1.001183695,1
0.677790319,3.758375766,4.097007191,4.996693795,1
1.517768461,3.712354974,0.78598447,-3.708236996,1
-0.088862517,-3.272095969,2.757851037,-2.066293558,1
-1.015417651,3.502239822,1.613946305,-0.231206263,-1
-0.22515791,4.595883763,-0.303427611,-3.704175678,1
-4.33412377,2.702069891,-2.802323802,-2.718765349,1
-0.889715128,3.750153506,1.025897387,-3.189279557,-1
4.690919585,-4.325865236,-3.157410032,1.720155778,1
2.807210309,1.467922159,-3.024902845,-1.742151597,-1
2.290178887,-1.759034096,3.619921465,2.905875275,-1
2.65650616,1.403469125,-3.743507477,0.46013905,-1
2.565808039,3.797510309,1.455802557,-2.694434391,1
3.43270317,-1.263623245,-0.626817897,1.867624692,1
2.7015685,2.667375576,1.126050675,-4.509173985,-1
4.786609287,-3.319133413,2.374824148,0.725985351,-1
-3.886405574,0.197246836,-1.967205528,4.93762321,1
-1.039230588,1.274556093,-4.570322867,-1.3703097,1
-0.079393492,2.139136858,3.355075306,0.587206602,-1
-2.419053817,-1.936038947,-1.306918204,4.272803544,1
-4.630337787,-2.363128906,1.613393064,-2.401235045,-1
4.74381323,4.160035073,3.95719918,3.324750266,1
2.26425979,1.150342638,-2.259009341,-3.248740952,-1
-3.520351696,-4.0682494,4.97898477,3.798421938,1
-3.521054426,1.276972021,3.343533814,-2.203672356,-1
2.048240991,-3.079719771,2.913436875,3.494760013,-1
-1.190064776,2.769646901,1.566127082,3.067160153,-1
-4.235885558,3.645005054,0.436730193,-3.108748477,-1
-0.89159657,-1.664183882,-1.133186704,4.785589553,-1
-3.570094459,-3.645860007,3.222320875,-2.462723401,1
2.989201205,2.654671583,0.953345139,2.78546128,1
4.302481631,-1.813862665,2.816413207,3.107845411,1
-4.952805221,-2.47620489,4.876745562,-0.020470523,1
1.500405814,-2.999253886,2.882538004,4.157231516,-1
1.785324611,-4.309901476,3.529208867,-3.99016457,-1
-2.463771582,0.519107351,-0.143871708,-3.641754108,-1
3.431809129,-0.961883768,3.737560725,3.58316796,1
-2.060412258,2.501158008,-1.661529168,-4.813535152,-1
-4.731396158,-0.128164976,-2.946832211,2.283279795,1
-4.066928371,-1.152138773,-0.056429322,3.166578692,1
2.978849723,-4.385914898,-4.687910403,-3.837795503,1
2.114026262,-2.863085092,3.275744148,-0.114436192,-1
2.834067838,0.438733645,-2.357425623,-1.525515935,-1
1.23922644,-0.893553877,1.774993324,2.738909989,-1
3.254154601,4.009632061,2.938643359,-2.147132645,1
-4.649774149,-4.43710463,1.818438647,3.243967095,1
-0.945250277,-0.564907526,1.507592375,-3.269389176,-1
-2.503312447,0.378125272,-2.626582715,3.636434635,1
-0.191031584,-3.659393997,-0.225965208,4.26054761,-1
3.808391275,0.409472242,4.364192652,-3.088962607,-1
-2.193151824,3.573681925,-2.58896489,-4.49647506,1
0.991425093,-3.019826367,-2.908861206,0.48449472,1
-4.737738614,-3.443908987,-2.275279723,-4.904821013,-1
-3.448013337,-4.386222322,2.758174204,3.283636675,1
3.339108707,1.610739889,-1.685885853,4.085444037,1
-3.051066328,-4.813973581,1.030747014,2.05296744,1
3.297880351,-2.088970634,-3.159851362,-2.566696865,1
-1.61925141,4.738238266,-4.125411498,0.892315908,1
1.711165495,2.646404543,-1.910846184,4.388999634,-1
-4.476336809,-2.563160698,-2.691215958,3.955020125,1
2.343090664,1.82116061,4.091870519,1.062262052,1
-0.005182222,-3.621454898,4.368843459,2.923783248,-1
4.432999375,1.29811667,-4.681211593,3.361675272,1
-2.102275836,3.570146927,0.936470433,0.601410905,-1
-1.23439573,3.997983333,-4.561824781,-4.99304896,1
-3.862446383,-1.516315978,-0.750971567,-2.487248699,-1
4.648507073,-0.136898067,0.215812789,-0.680514045,-1
-0.674884328,1.795174923,3.403394215,-0.693471304,-1
-4.15436799,2.041218912,1.250296791,3.752330393,1
2.166764126,-0.391159433,-2.447953195,-4.323590512,-1
0.067873795,-1.357277028,4.046912358,-1.6009321,-1
-1.719122588,-2.197347758,2.673006025,-3.229379334,1
2.535241411,-4.237955665,0.626655016,-2.539647992,-1
3.360058246,-0.55375029,3.971535336,2.278194903,1
-2.462836477,-3.342937034,-1.319205905,-2.117951111,-1
0.344250168,-1.012510265,-1.622689931,-2.626583305,1
-0.64834767,4.205846709,1.18855356,-3.60340985,-1
-3.422958543,0.113343855,-4.131045601,-2.792697185,-1
1.004812037,4.141423304,-1.245024684,3.175467047,-1
4.3745076,-4.080660612,-3.126189326,-1.217709446,1
-3.922414212,4.930371743,3.1052669,1.655152193,-1
3.999814347,-4.035663771,2.232481951,4.358132885,-1
0.504649912,-1.868525066,1.746740461,-0.735188823,-1
-0.726433132,2.85375111,4.139814172,1.051600351,-1
-3.476191696,1.02400258,3.209608974,4.695844276,1
-2.524539975,-0.340916466,0.487246365,-1.353490477,-1
-0.526312063,-2.018686538,-4.844584059,1.644475788,-1
0.327834377,-3.668272155,-4.053136426,-1.85244917,1
-1.453488657,-2.049910454,0.147582915,3.857158381,1
2.731148123,-3.333729171,4.524826382,-2.044552699,-1
3.816811425,-1.828960588,3.430611961,-2.046339198,-1
2.340920935,-3.901603199,4.35012246,4.070820668,-1
-0.935677936,3.320879614,4.734130851,-0.071154126,-1
1.041787456,4.715927542,-1.274736099,-2.928603494,-1
1.411050517,-2.817287276,-1.790993093,-4.741807517,1
-3.72533164,2.060776284,2.832479008,-3.297910631,-1
-0.038080031,-4.609863076,-2.877782857,-1.976594523,-1
-1.895306445,1.162951238,4.591522058,4.614396105,-1
0.785744639,1.693641706,4.302328692,2.83657434,1
4.43608937,-4.627984672,-1.342705126,1.732564607,1
-0.730603907,-4.966654383,-1.550876103,3.407222664,-1
-4.668715588,-3.575356458,1.926816284,-0.791457196,1
4.294338788,3.624054589,2.166038644,2.037373496,1
4.249822513,-2.239625839,3.003434964,-0.187133807,-1
-1.416930804,0.31691537,0.936704773,3.205759829,1
-2.400108837,0.222213021,-4.028249879,-0.626097957,1
2.868596456,0.67617715,0.595091664,3.599738437,1
0.115822434,-1.669674464,-4.569100396,-4.91102766,1
0.625271534,-0.865834477,2.57631721,4.960311194,-1
1.847937641,-0.856518474,1.596475291,-2.247989397,-1
-4.076034047,4.839217843,0.99459321,-4.664835902,-1
3.72578967,-4.422607022,-2.730052502,-3.479000437,1
4.429378802,-1.034571141,2.13714361,-0.204038456,-1
-4.034057634,2.913205822,2.245024131,3.888423411,1
3.458825052,0.941854628,-1.557820302,-2.165808916,-1
4.093956149,-1.904369075,-4.672491741,2.841270275,1
-4.886588594,4.018029063,3.436158482,-3.296074991,-1
0.236827037,-4.068730102,2.703001146,2.312935499,-1
1.503452737,-1.809728638,0.096466368,-2.533781659,-1
-1.148546493,3.869616147,2.069632788,-4.181590738,-1
1.493020495,1.574316734,2.911739074,3.529087452,1
2.628534798,1.845168903,-1.693309818,1.865521602,-1
0.756859814,-0.26051375,4.13675142,4.581106189,-1
1.319191487,-3.587558416,0.767049628,4.850556045,-1
-2.217959961,4.509248816,-2.120907259,0.347226185,1
3.398364228,3.826261235,-2.331351397,4.059804497,-1
-0.731650438,-0.625614539,3.90178179,-0.233513796,1
1.316223783,3.349568009,-1.338988104,3.896712518,-1
3.334669815,-1.748565994,-3.499846124,-4.761502404,-1
-2.298145364,-1.323607002,4.463275698,-3.712751675,1
-0.991992638,2.94839466,1.508353146,2.406402046,-1
0.542545924,-4.006912838,4.822145689,-1.089797948,-1
-0.561346432,4.517815577,-3.06166306,-1.063715391,1
-4.09615878,-4.985260771,3.287425949,1.018483466,1
2.4438131,-2.046041508,-0.061979106,-4.761145268,-1
-4.673845507,-4.515454476,0.907785361,-1.123290171,1
-0.702574566,-0.572596162,-4.551094278,-4.432538724,-1
-4.627377205,2.898463685,0.64458152,1.895705635,1
4.75797753,4.135206156,1.335443032,0.203909061,1
0.22339908,0.3325436,-0.019002372,-4.239135411,1
4.096299786,3.040764445,-4.40376371,-0.937402544,-1
-1.167520787,0.626603566,0.151631842,-0.697871257,-1
3.844522369,2.50876452,-4.46805061,1.593122748,-1
-2.449823907,-4.907696456,3.436319206,-2.816088255,1
4.090498419,-0.232151481,0.946727816,-4.189113413,-1
3.945604448,-2.496704735,1.910188306,-0.323283278,-1
-1.01482839,-1.920817416,1.472267719,2.286717165,1
1.250200018,4.669491044,1.234398356,1.139838362,1
0.675972862,-2.911956394,4.538583198,4.005977446,-1
3.945118854,0.204762528,-3.230560079,-2.472206377,-1
-2.858341961,-2.744538706,-0.250948036,-2.799046823,-1
-4.961408411,0.671978738,3.424036095,-2.641950075,-1
3.80581461,4.981635261,-0.030365447,3.101295098,1
-2.64878365,-3.681346633,2.624047273,2.02409052,1
-2.551353777,4.546765849,-3.201227419,3.785048576,1
1.409170351,-3.761224885,1.916220572,2.1101123,-1
-1.954755188,-3.137617942,4.144248543,1.610802396,1
3.256208119,1.465027106,-3.373425753,-0.604225662,-1
3.836887109,-3.718309225,-0.719038803,0.627936002,1
4.45372958,-4.186794971,-4.581481338,4.903113234,1
-1.092046616,1.592270542,-2.742537433,4.573154116,1
3.013200647,-4.726011489,1.66150366,-1.631817341,-1
-3.42886712,4.851798008,3.713448827,-3.445442026,-1
1.251653968,0.393309471,-1.552716563,-0.829208801,-1
1.989853528,-1.261650833,-4.727484357,0.544770161,1
-4.141310669,2.067348861,4.052826675,-4.702478812,-1
0.311795728,4.474113744,-0.289377535,3.667062717,-1
3.885665221,-1.177226512,4.104640188,3.944142434,1
-2.363339918,1.929085549,-1.720202252,-0.028096157,1
-2.652144747,1.020713124,1.911035432,-2.907129968,-1
3.396572277,2.752577121,-4.825520192,2.21597132,-1
-0.044599703,0.918342057,0.123468499,1.997161035,-1
-3.476336336,-1.238201924,-1.681863224,-0.392527688,-1
-2.692318442,3.506491996,-1.638875526,-3.294069534,1
1.579539571,-2.742648092,4.53345605,2.943714486,-1
0.629483812,2.969582843,2.505054101,3.88499639,1
-2.081712624,4.968810063,-1.660757706,-3.574854824,1
1.223049847,-2.186891796,1.328327487,4.396715963,-1
2.159054083,2.10380975,-0.844542911,-4.997391448,-1
-2.192689659,1.646420672,0.764997978,-0.61194984,-1
-0.877268415,-0.851644668,4.595005287,-4.888322303,1
-1.377942866,-0.017300977,1.158482291,-2.654844931,-1
2.81392022,4.491230255,-3.494221037,2.069842026,-1
-3.645128487,4.531816759,3.382706975,1.941643652,-1
4.020695145,2.329233117,2.261654195,-2.34879161,1
-2.103639141,-1.153199954,-3.911537996,-1.73426382,-1
-0.004420739,-4.599172712,-3.386484595,-4.06766063,1
2.835903882,0.829335859,-2.029897105,-4.584006475,-1
1.770620627,0.647126417,-0.764175611,2.592801512,1
-3.5018827,-1.448173826,0.284144183,-1.751255065,-1
1.966194796,3.80200821,-2.249026274,0.218218124,-1
-3.709869569,1.24530133,3.27956081,4.518878822,1
4.459462874,1.240155463,2.927847364,1.689784169,1
3.864118492,-2.042585887,-2.262520069,-0.268783791,1
0.150046129,-4.253200731,1.156944003,1.493721595,-1
1.794087459,-2.062940056,-3.984492762,1.656359143,1
4.767933578,-2.652601915,1.699632174,-2.698525576,-1
-3.745396434,-1.541026191,-1.526034021,3.048896738,1
2.522430512,3.484903591,1.694956034,0.027850455,1
3.270519095,-3.396356181,-2.046977588,-0.659702862,1
2.814303269,-3.421356237,1.80427967,2.090335835,-1
-3.091173332,0.086592696,-1.062269333,0.552639859,1
-0.713586594,1.033010001,-1.081816702,-2.449962105,1
-4.855432529,-3.386030315,-2.930366991,-4.247994316,-1
-1.747145113,1.354543248,2.245203069,0.891023799,-1
-3.652979714,3.439405759,3.193053599,1.742420706,-1
-0.494825379,2.822692119,4.264716374,0.880134127,-1
0.722749302,-2.354336456,0.141199918,0.337022573,-1
2.92023282,-1.853010377,-3.068567119,-0.273836288,1
-0.8026339,-3.168044285,1.029009075,-1.761888041,1
0.325365443,-0.525267275,-3.01819812,-0.690139123,1
4.25704392,-1.733213834,-0.896074248,2.648978005,1
3.990818377,-2.2018371,3.530748142,4.964626751,1
0.448333985,4.317639084,-0.709182094,-2.349817149,-1
4.011239502,-1.00307587,4.256585793,2.920670013,1
-4.481732911,-1.205768432,-1.269222817,-3.653907395,-1
3.086025187,0.928464495,1.982463692,-4.644638516,-1
-1.650954206,-4.314933141,0.886254212,-0.460535111,1
-2.713168828,-2.947623379,-3.991338564,0.629770649,-1
3.224018076,2.236182781,-0.876049998,-2.691172047,-1
-1.51765421,0.751476128,4.24708227,-3.552375753,-1
-3.345294046,-2.997674964,-4.444495265,1.770958292,-1
-4.71866432,3.434803453,-1.15952454,-1.459294893,1
4.553697653,-0.76269999,-2.593598837,0.10472307,1
1.802907117,0.447509626,-2.721913931,1.947066521,1
3.605621147,0.279673838,-1.428796129,0.952929483,1
4.390935154,-3.148921792,4.241025611,0.061107551,-1
1.801939644,-4.18310286,0.024983463,2.763992553,1
4.174237484,-0.35906377,3.032376398,1.852027436,1
-2.433083291,-4.694452243,-1.497279654,-1.805063595,-1
3.856181344,-0.650158425,-0.413174891,3.321428823,1
4.200427901,0.578649613,4.510966626,1.608215622,1
-1.9993656,1.387821293,-3.670166238,0.870682206,1
-4.266090533,-4.657825867,-4.29692759,-4.8092157,-1
2.67398735,2.099004473,2.060814417,3.369500309,1
-4.150477841,-3.306760515,4.317027757,-3.860021354,1
2.287640796,0.933824732,-3.91099086,3.40420447,1
-0.521103564,1.080649193,1.516968418,-1.625032741,-1
1.512486632,2.72359587,-3.539378597,-0.705643705,-1
-3.304981294,-4.437263843,1.939629286,2.937786703,1
0.314492414,3.547251469,1.256136227,-3.584325188,1
1.338008582,-1.157156745,-4.562766011,1.081018433,1
-4.859039958,-1.00381039,2.979238267,4.306288223,1
-0.296286648,-1.745825146,4.862106991,1.364437619,1
3.863259712,0.553901105,-0.632551809,-4.522293425,-1
-3.859715643,-2.045798968,-1.552511457,1.983461251,1
-0.574588483,-1.33879998,-4.511938816,-2.428904717,-1
1.595478882,-1.509516713,-2.747970906,1.909015038,1
-2.052270297,1.302240555,0.810129187,-1.368202288,-1
4.503684015,1.644420808,1.013753383,0.418842273,1
1.942862476,4.920963366,-2.474815955,-2.778580825,-1
-2.93193473,4.443612622,1.543416596,4.05487329,-1
0.54762326,-1.496521381,-4.399044044,-1.264588333,1
3.792784845,-3.070020551,4.405060901,-4.211835026,-1
0.578576907,4.195761384,-4.074694222,-4.690700631,-1
2.523340602,-2.113079497,-1.660220688,1.269008046,1
3.949007922,0.508594275,1.51049643,4.369966368,1
3.418441731,4.193241538,0.039107764,-1.800647043,-1
-3.691433174,-4.099514779,0.309251406,2.451747281,1
-3.108460661,-2.423036978,-1.208762692,-2.110715954,-1
-3.463601691,-0.729520423,2.689074128,-3.756459561,-1
-4.710979343,0.7772329,-2.174887342,0.140809936,1
-4.909151015,3.995213949,1.492727388,-1.124881308,-1
0.96451742,-2.81774383,4.221838224,4.786097638,-1
1.090493244,4.670318845,-1.693281144,-2.081822621,-1
4.18923432,-0.66018622,3.134391297,0.923425636,-1
2.335744434,2.848224232,2.876355954,0.713564437,1
-1.988530479,0.252338446,-3.756775206,1.158559921,1
-0.04425521,-1.687231472,-3.426124522,0.609142621,-1
-2.418369765,-0.684063532,-0.850017284,-2.201406048,-1
2.328543639,2.17901601,1.873327985,-3.481503667,1
-3.83239249,4.162120781,1.577039051,2.330125055,-1
2.460415633,3.900279874,1.799774968,-4.603014796,1
3.097891071,-3.652939416,-4.90613323,3.016223063,1
2.452336812,-3.800872446,-3.713904265,-0.935831103,1
-1.628566859,3.934524211,2.639063813,3.300114376,-1
0.843249804,1.530855418,3.41915498,4.710354854,1
-0.31047895,-4.597219233,2.469485933,-0.775169446,1
-4.127349655,0.047159636,4.445234657,-4.460951532,-1
3.287174262,3.944534654,4.197142259,2.870367744,1
1.859447084,-1.142715356,-2.769257097,1.300770217,1
-2.326749449,-2.079481221,0.097671881,0.088193847,1
4.694835646,-2.6596343,2.87740194,0.676861571,-1
-3.162257973,-2.990516426,0.224519143,-1.908091328,-1
-2.000590771,-1.196939367,1.17391945,2.471359729,1
-0.888151093,0.947901422,0.582407011,-1.633391498,-1
-2.635108129,-2.31614025,2.309920256,3.833543766,1
-3.049446773,1.22442642,-4.365978839,-1.663440804,1
2.053792796,3.045673099,-0.072134732,2.960145689,1
-3.194517463,-3.960287415,-2.700759618,3.047838288,-1
0.223329179,2.292403075,-1.626089182,-4.497613237,-1
-2.038281767,1.485902644,0.516381071,-0.974948692,-1
-0.372181117,-0.253453766,2.43685672,4.651916429,-1
4.252324167,4.3291211,-0.876944546,-0.856240565,-1
-2.841108577,-4.035563207,0.076183326,-1.694764294,-1
-4.989911215,0.991069184,-3.710276274,1.363723543,1
4.066062431,-2.664352908,-2.851643434,3.580253702,1
1.800419456,-4.676716618,-2.071703586,2.88283984,1
0.149518053,0.798592638,-0.500341684,0.384097432,-1
0.220688811,3.421981523,-2.597178835,2.416704463,-1
-3.970814208,0.568969881,-2.367365145,2.397206071,1
4.968804882,3.3988299,3.915825718,-0.552053932,1
-1.410311806,-2.950477263,0.861398288,3.504098583,1
1.252425988,1.212548868,4.386746177,-0.054651402,1
-1.066334788,-3.259791127,1.180798773,4.481575348,1
-4.923375545,-2.104601812,-2.492809604,2.977881895,1
0.45284934,-4.814970647,-3.974625472,-3.669554165,1
0.091103744,2.014963902,0.463639012,-2.622302456,1
-2.532210797,4.520913718,-0.573543852,-3.722765329,-1
-4.546047253,2.49009335,1.915061358,0.341203989,-1
3.417297448,2.567273895,2.594394581,-4.4330331,-1
-4.517500824,0.420890754,-1.005788133,-0.314250016,-1
-1.836795025,-2.179371271,0.67413399,4.82687803,1
2.834194304,-2.551251531,-2.944160751,1.822211616,1
4.724000597,-2.136817822,4.435286104,3.709007181,-1
0.864640807,4.631344102,0.128066447,-0.037894346,1
2.780438493,-2.693046544,-2.237533979,-2.123377894,1
2.276974437,0.373214134,-2.708604475,-3.169806826,-1
1.509867971,-2.949917478,4.529284145,4.612190124,-1
1.646150201,-0.659587054,1.894208296,2.562614757,1
4.387798005,-3.577880275,2.078727499,4.503534905,1
0.350812657,-1.24416225,1.5692191,1.71266649,-1
-1.015598816,2.935606268,2.789674485,-3.139453899,-1
1.704576615,3.128156509,0.804695559,-2.101580419,1
-0.594655282,4.037909065,0.032301336,-4.417921755,1
-3.671260552,0.403757342,3.787313091,-4.559337776,-1
-0.607962521,3.178633122,-1.070507298,-2.204411687,1
0.476427423,2.084166453,-2.573644925,-3.295303792,-1
-1.048636242,-4.567911481,-2.183733719,1.771005598,-1
-1.017280055,-3.540540196,4.04771011,4.024179283,1
2.513486511,-2.666643373,2.026752212,-1.480126783,-1
0.223503461,-2.532989189,3.530557272,-3.998414839,-1
-0.095669663,-3.29717257,-1.213163052,2.930022357,-1
-4.113210655,-2.64943165,1.330216307,-0.31567571,1
-2.491483669,-2.24538924,-4.684431574,1.873412069,-1
-0.524409772,4.516066262,4.200335388,1.830785287,-1
1.379608961,-1.533290168,-0.302531151,-0.785641141,-1
2.094452915,-2.026780622,0.199031861,1.593425261,1
4.926198093,-0.955737918,2.663121126,1.334271292,1
4.321948701,-1.977625742,-1.637834003,0.251460088,1
-4.077705036,2.573110836,1.259851202,-3.087185502,-1
4.535399728,-1.402561059,-1.730979922,0.119060097,1
-3.372043412,-3.751004284,-1.888931511,2.483302628,-1
4.704550873,1.171825595,1.460783979,-0.801730833,-1
0.970066653,-1.444805463,-0.663083678,2.374794195,1
-2.597728809,-1.370618134,-3.971134519,1.864677339,-1
-4.297048385,-4.315117136,-2.638490333,4.557260125,-1
-1.999587849,3.671618718,4.717827959,-1.920935387,-1
3.135448239,-0.42103802,1.988974163,-1.576991375,-1
-4.232901258,-4.223846148,1.594502559,-1.12966428,1
-1.455269046,4.049211959,-1.739026584,-4.738240946,1
-3.679891256,-2.183041192,-4.801780828,1.335464051,-1
-3.418203697,1.138778426,0.70472592,0.65251059,1
-4.378529484,1.618579421,-4.636650981,-1.344885872,1
2.018434789,-2.999754041,-2.352572551,-0.785413011,1
-4.135183029,4.599862276,-3.093415658,-0.37799728,1
1.167872396,1.651059844,-0.507003756,-1.855612239,-1
-3.262284168,0.412998394,2.68655179,-2.743383087,-1
1.514010647,3.689688717,1.279361974,-3.840631159,1
-0.01303594,0.570474671,-1.852997072,-3.660338943,1
-2.154893114,-4.78601883,-2.079568654,4.465234437,-1
3.305597387,-0.173194481,-4.217620115,-0.075670287,1
3.183598825,3.079855791,-3.280561667,2.482136269,-1
4.381694038,2.360093662,2.212803452,-1.890648405,1
-4.996739037,0.723043953,-4.105514133,-4.922947152,-1
1.403892246,-4.910151466,4.178122028,1.156216711,-1
-4.926443072,2.182804637,-0.703230491,-1.424266607,-1
-3.935788933,-0.505734083,-4.202771288,1.488290711,1
-3.932055867,1.596167688,0.721441138,3.459772286,1
-1.328909561,2.53208346,3.317723143,-3.98646788,-1
-2.603922994,3.047390138,-1.526321951,0.883018343,1
-1.538597983,-4.708444178,2.798890043,0.823821886,1
-2.503801646,2.798172675,2.083392301,0.218037608,-1
-1.129356859,0.673504986,0.909423589,-0.454001701,-1
-0.789616296,-4.238833731,-1.230063038,4.667020051,-1
1.400772891,-2.483781757,-1.061749752,-3.176930423,1
2.87552973,-3.665454714,-0.716911542,0.593921288,1
-2.300055764,0.644739218,-0.76974391,1.264744894,1
3.439823607,0.409812828,-2.810757166,-4.698700027,-1
2.404683802,-4.310785523,-0.032353479,1.422730573,1
3.261019489,4.884308674,-4.601302865,3.381611317,-1
-3.178077526,-2.489045596,0.648164987,-1.048639834,-1
-4.345638172,-1.845270085,-4.508570406,-0.626577969,-1
1.103502621,-1.993430512,3.722812433,-4.151172219,-1
2.015528093,-4.579609618,3.600247597,0.81377474,-1
-3.883822872,0.279013007,-1.617420571,3.716819764,1
-4.041762675,-2.439776662,4.740304634,-2.930929229,1
0.978337723,-0.912900076,4.547750081,-4.053899678,-1
3.122326104,4.475126428,4.886209975,-3.120478006,1
3.14578174,4.1928097,-3.422823253,1.678365767,-1
-4.105630349,-3.787563226,-4.970816497,2.324209055,-1
2.312787053,0.919448347,-2.518200396,1.310104489,-1
4.038565762,-1.403478268,-1.537098793,-0.31793845,1
-0.477682128,2.193069325,-2.666612872,-1.85637669,1
-4.293123236,0.235510915,2.558911841,1.414666623,1
-2.587218449,-2.39156648,-2.74072318,0.620268954,-1
2.318650598,-0.06920694,-0.515567546,1.637266693,1
-4.595083843,3.558359007,-2.405554334,-3.751229556,1
-0.754772371,2.244062837,-1.542054861,1.740271752,1
0.40215087,-3.008896982,4.029549479,1.803112782,-1
4.538278379,-3.427141256,-4.872991317,4.301201441,1
-2.91094258,-1.295244802,-3.677771958,3.288196911,-1
-3.836679038,3.62272005,-1.119373457,-3.218996453,-1
1.462200679,1.847626281,3.406210104,4.492406272,1
-3.915889102,1.341978793,-2.867336971,-3.003771511,-1
4.834969242,-3.586767088,4.352343977,-2.823193382,-1
-2.516559616,-4.206977549,4.69800379,-4.914780627,1
1.063557201,3.761453475,-1.247414441,-1.993734216,-1
3.166952728,-0.795712988,4.848628423,-2.255291773,-1
3.300542126,-0.123363928,-3.779143054,0.864484507,1
-0.109606675,-0.396745057,2.609574701,-1.034471525,1
2.607282561,0.156772496,0.793616831,-3.135972262,-1
4.151079353,-2.280056098,1.211565425,-1.071836013,-1
4.009749563,-2.684201619,-0.100957596,-3.454061602,-1
-2.857624899,3.995340769,-2.795496461,3.323044544,1
0.47061106,4.086973266,-3.558657555,-3.502479258,-1
2.84709481,1.036428522,1.351757053,1.795459517,1
-3.055589057,-1.347635169,3.024156935,2.500899835,1
2.46889152,0.985905007,1.69643259,-4.851099918,-1
-0.244417756,1.684871463,-0.283970424,-3.577535019,1
0.832585812,3.945640909,4.444781145,-4.693443958,1
-2.394519181,-4.126644761,0.914808676,3.086955127,1
-4.151775404,0.390103493,-2.732522406,-4.528540447,-1
-2.018671488,-0.71550064,1.838436872,1.661814781,1
4.171293589,1.171534945,-1.793571442,-0.439675644,-1
-0.294818073,0.58875877,2.489185438,3.029963793,-1
-2.305324468,-2.741493118,4.981432074,-1.415610942,1
2.629704769,-3.9548047,-2.302666483,-4.746659549,1
2.721721052,-4.90022344,4.318696358,-2.814118437,-1
-4.787003759,-4.408466959,1.96387053,2.109149,1
3.799861925,-1.773476295,-4.047407167,0.489207863,1
2.981701841,2.794765068,-2.541278278,3.696930327,-1
-1.758347615,-1.645214137,4.346575516,2.388356558,1
1.690444166,1.195686125,-0.202157819,-3.967698676,-1
-2.037061366,4.928857175,3.825277436,4.714332143,-1
4.299520437,1.48005695,2.792973168,2.387126075,1
-2.180395651,0.397758203,-4.817161152,-4.861424232,-1
-3.311200287,-2.677452469,2.707617453,1.791216661,1
2.45166604,2.398322271,1.857984039,-0.14497269,1
-0.228656485,3.889923452,3.676670631,-4.652816495,-1
1.534445411,3.598076259,0.805096704,-3.855603795,1
4.665759331,0.970607886,1.261047812,-4.233748894,-1
-1.869725118,1.547521435,-3.888528068,1.078246783,1
-4.235605422,4.150139938,-2.863057769,-2.66534148,1
2.91415147,-0.668169194,-4.636302326,-3.579885565,-1
-1.346160207,-2.102392442,-0.554550709,0.301731983,-1
